data_10_rv = {
    "MT": [
        0.67678, 0.71086, 0.69893, 0.68269, 0.70767, 0.69590, 0.69912, 0.69050, 0.70176, 0.70437,
        0.71171, 0.67945, 0.69380, 0.68885, 0.71674, 0.69336, 0.68292, 0.69791, 0.70887, 0.69240,
        0.69002, 0.69177, 0.70911, 0.68855, 0.70344, 0.69093, 0.69455, 0.69677, 0.68512, 0.69483,
        0.69219, 0.70318, 0.69745, 0.69087, 0.69989, 0.71068, 0.68842, 0.69162, 0.70213, 0.69601
    ],
    "UAMT": [
        0.71210, 0.71790, 0.70830, 0.73150, 0.70126, 0.72119, 0.72566, 0.69527, 0.72403, 0.71541,
        0.72672, 0.71043, 0.70495, 0.71864, 0.71086, 0.70850, 0.70111, 0.71993, 0.71404, 0.71479,
        0.71831, 0.71193, 0.71022, 0.72415, 0.71879, 0.70807, 0.71651, 0.72602, 0.71144, 0.72317,
        0.72048, 0.70588, 0.71843, 0.72706, 0.70378, 0.71790, 0.72409, 0.70968, 0.71699, 0.70357
    ],
    "DTC": [
        0.76955, 0.75450, 0.78627, 0.75655, 0.78196, 0.77855, 0.77177, 0.76916, 0.77197, 0.78755,
        0.77395, 0.77770, 0.77027, 0.75558, 0.77563, 0.78241, 0.77278, 0.75774, 0.78572, 0.76447,
        0.77124, 0.78091, 0.78391, 0.75532, 0.76381, 0.77960, 0.76590, 0.78134, 0.76757, 0.77796,
        0.78420, 0.75992, 0.77365, 0.76970, 0.77616, 0.77185, 0.75874, 0.78482, 0.77249, 0.76300
    ],
    "CPS": [
        0.79793, 0.78395, 0.76858, 0.77739, 0.80364, 0.79542, 0.78491, 0.79154, 0.78764, 0.77424,
        0.79896, 0.77300, 0.78548, 0.79402, 0.77613, 0.80074, 0.78454, 0.79100, 0.77061, 0.78689,
        0.79413, 0.78380, 0.77603, 0.79581, 0.78899, 0.79179, 0.77982, 0.78745, 0.79966, 0.78559,
        0.78130, 0.79954, 0.78502, 0.79047, 0.79115, 0.79910, 0.78708, 0.79156, 0.78388, 0.79656
    ],
    "SS-Net": [
        0.82028, 0.80820, 0.79152, 0.81042, 0.79478, 0.78483, 0.78671, 0.81232, 0.77747, 0.81419,
        0.79074, 0.80462, 0.80193, 0.81888, 0.79298, 0.81345, 0.78567, 0.80012, 0.77944, 0.80259,
        0.80681, 0.80572, 0.80691, 0.81323, 0.78760, 0.79316, 0.80328, 0.80204, 0.80498, 0.80542,
        0.80754, 0.78701, 0.79882, 0.79021, 0.79573, 0.80494, 0.79112, 0.79638, 0.79879, 0.80411
    ],
    "BCP": [
        0.89426, 0.87493, 0.85591, 0.87355, 0.87975, 0.86291, 0.88796, 0.86919, 0.86041, 0.89135,
        0.87131, 0.88172, 0.86374, 0.87840, 0.88898, 0.88499, 0.87986, 0.87112, 0.89332, 0.86558,
        0.88043, 0.87615, 0.86825, 0.87659, 0.88637, 0.87491, 0.88094, 0.88802, 0.88648, 0.89068,
        0.87692, 0.88811, 0.87323, 0.88260, 0.87847, 0.88769, 0.87410, 0.88062, 0.89160, 0.87984
    ],
    "LocoPMD": [
        0.90264, 0.88204, 0.87489, 0.86757, 0.88924, 0.89443, 0.88513, 0.90350, 0.88021, 0.89121,
        0.88479, 0.89412, 0.87321, 0.87119, 0.88870, 0.87666, 0.90776, 0.88785, 0.89198, 0.88093,
        0.89173, 0.88608, 0.89031, 0.88258, 0.88726, 0.88994, 0.89166, 0.88404, 0.88656, 0.88973,
        0.89211, 0.87627, 0.88892, 0.88375, 0.87989, 0.88450, 0.89455, 0.89101, 0.88713, 0.89081
    ]
}



data_10_myo = {
    "MT": [
        0.72452, 0.76101, 0.74766, 0.73174, 0.75543, 0.74403, 0.74811, 0.73843, 0.75045, 0.75318,
        0.76156, 0.72680, 0.74189, 0.73744, 0.76717, 0.74148, 0.73197, 0.74735, 0.75859, 0.74018,
        0.73256, 0.75587, 0.74612, 0.74297, 0.73223, 0.74883, 0.73456, 0.73724, 0.73997, 0.74932,
        0.73143, 0.74584, 0.74497, 0.74073, 0.73189, 0.74243, 0.73319, 0.74971, 0.73931, 0.74311
    ],
    "UAMT": [
        0.77209, 0.77751, 0.76798, 0.79019, 0.76014, 0.78099, 0.78522, 0.75580, 0.78348, 0.77504,
        0.78641, 0.77042, 0.76487, 0.77822, 0.77085, 0.76895, 0.76000, 0.77967, 0.77374, 0.77453,
        0.77488, 0.77641, 0.78452, 0.77267, 0.77501, 0.78091, 0.76879, 0.77718, 0.77233, 0.77550,
        0.77014, 0.77796, 0.77535, 0.78219, 0.77059, 0.77980, 0.77503, 0.77628, 0.77327, 0.77666
    ],
    "DTC": [
        0.78359, 0.76692, 0.80160, 0.77287, 0.79684, 0.79325, 0.78676, 0.78320, 0.78659, 0.80291,
        0.78851, 0.79216, 0.78422, 0.76813, 0.78598, 0.79736, 0.78627, 0.77234, 0.80095, 0.77747,
        0.77916, 0.78113, 0.79261, 0.78401, 0.78127, 0.78592, 0.79118, 0.77459, 0.78352, 0.78168,
        0.78642, 0.77349, 0.78515, 0.78391, 0.78829, 0.77682, 0.78724, 0.79171, 0.78462, 0.78025
    ],
    "CPS": [
        0.81042, 0.79573, 0.78237, 0.79060, 0.82062, 0.81167, 0.80040, 0.80788, 0.80416, 0.78734,
        0.81658, 0.78612, 0.79807, 0.80890, 0.79095, 0.81837, 0.79763, 0.80731, 0.78497, 0.80339,
        0.79244, 0.80482, 0.79817, 0.78893, 0.80394, 0.80761, 0.79674, 0.80452, 0.79856, 0.79729,
        0.80327, 0.79312, 0.80556, 0.79701, 0.79998, 0.80431, 0.79097, 0.80255, 0.79456, 0.79843
    ],
    "SS-Net": [
        0.82776, 0.81596, 0.80066, 0.81956, 0.80485, 0.79628, 0.79800, 0.82160, 0.78734, 0.82327,
        0.79994, 0.81284, 0.81026, 0.82619, 0.80203, 0.82264, 0.79717, 0.80948, 0.78927, 0.81094,
        0.82028, 0.81809, 0.80318, 0.81072, 0.80689, 0.80661, 0.80191, 0.80985, 0.80102, 0.81273,
        0.80761, 0.81528, 0.79873, 0.80439, 0.80401, 0.80654, 0.79795, 0.80942, 0.79947, 0.80215
    ],
    "BCP": [
        0.88106, 0.86284, 0.84484, 0.86147, 0.86741, 0.85069, 0.87554, 0.85694, 0.84828, 0.87894,
        0.85988, 0.86961, 0.85271, 0.86567, 0.87508, 0.87089, 0.86751, 0.85871, 0.88026, 0.85207,
        0.86774, 0.86938, 0.85809, 0.87104, 0.87372, 0.86641, 0.87783, 0.86378, 0.87617, 0.87839,
        0.86847, 0.87208, 0.86655, 0.87691, 0.86341, 0.87523, 0.86994, 0.87341, 0.87565, 0.87407
    ],
    "LocoPMD": [
        0.88861, 0.86833, 0.86143, 0.85453, 0.87655, 0.88165, 0.87289, 0.88996, 0.86715, 0.87758,
        0.87252, 0.88134, 0.86073, 0.85876, 0.87609, 0.86493, 0.89434, 0.87390, 0.87783, 0.86683,
        0.87451, 0.88271, 0.87738, 0.86947, 0.86983, 0.87025, 0.87487, 0.88011, 0.87578, 0.87284,
        0.86939, 0.87694, 0.87667, 0.87517, 0.86844, 0.87239, 0.87442, 0.87811, 0.87874, 0.87520
    ]
}


data_10_lv = {
    "MT": [
        0.77837, 0.81673, 0.80302, 0.78719, 0.81169, 0.80035, 0.80458, 0.79480, 0.80663, 0.80940,
        0.81774, 0.78162, 0.79901, 0.79427, 0.82345, 0.79847, 0.78744, 0.80327, 0.81458, 0.79712,
        0.79264, 0.80421, 0.80357, 0.80483, 0.79945, 0.80867, 0.79812, 0.79724, 0.80392, 0.80433,
        0.79270, 0.80374, 0.79853, 0.80561, 0.80476, 0.79936, 0.80339, 0.80607, 0.80181, 0.80592
    ],
    "UAMT": [
        0.82268, 0.82797, 0.81854, 0.84149, 0.81155, 0.83203, 0.83642, 0.80719, 0.83473, 0.82572,
        0.83753, 0.82065, 0.81546, 0.82874, 0.82109, 0.81916, 0.81137, 0.83127, 0.82438, 0.82506,
        0.82806, 0.82186, 0.83290, 0.82104, 0.82653, 0.82411, 0.83157, 0.82629, 0.81852, 0.82743,
        0.83138, 0.82107, 0.81869, 0.82294, 0.82591, 0.82849, 0.83190, 0.81984, 0.82671, 0.82399
    ],
    "DTC": [
        0.86493, 0.84813, 0.88291, 0.85300, 0.87802, 0.87453, 0.86830, 0.86466, 0.86781, 0.88399,
        0.87017, 0.87395, 0.86557, 0.84927, 0.86749, 0.87883, 0.86784, 0.85340, 0.88226, 0.85909,
        0.86842, 0.86409, 0.87424, 0.86877, 0.87064, 0.86656, 0.87523, 0.87004, 0.86773, 0.86833,
        0.86916, 0.87530, 0.87662, 0.87658, 0.86781, 0.87366, 0.87790, 0.87228, 0.87009, 0.87510
    ],
    "CPS": [
        0.87668, 0.86198, 0.84839, 0.85663, 0.88688, 0.87805, 0.86706, 0.87442, 0.87064, 0.85387,
        0.88306, 0.85231, 0.86500, 0.87484, 0.85789, 0.88502, 0.86454, 0.87389, 0.85124, 0.86985,
        0.86279, 0.87250, 0.87702, 0.86390, 0.87538, 0.86821, 0.87080, 0.86429, 0.87565, 0.87439,
        0.87633, 0.87271, 0.87407, 0.87694, 0.87060, 0.87347, 0.87794, 0.87491, 0.86978, 0.87610
    ],
    "SS-Net": [
        0.88933, 0.87731, 0.86244, 0.88076, 0.86705, 0.85806, 0.85983, 0.88273, 0.84788, 0.88474,
        0.86168, 0.87545, 0.87224, 0.88824, 0.86537, 0.88409, 0.85738, 0.87379, 0.85302, 0.87476,
        0.86953, 0.86495, 0.87789, 0.86374, 0.87657, 0.86733, 0.87092, 0.87504, 0.86471, 0.87321,
        0.87788, 0.86962, 0.87601, 0.86874, 0.86486, 0.87533, 0.87762, 0.87628, 0.86959, 0.87088
    ],
    "BCP": [
        0.91628, 0.89791, 0.87988, 0.89699, 0.90273, 0.88579, 0.91007, 0.89157, 0.88257, 0.91371,
        0.89477, 0.90445, 0.88643, 0.90059, 0.90905, 0.90513, 0.90229, 0.89250, 0.91549, 0.88694,
        0.89662, 0.91015, 0.89236, 0.89898, 0.90777, 0.90274, 0.89111, 0.91433, 0.90712, 0.90459,
        0.90189, 0.90538, 0.89591, 0.89847, 0.90515, 0.89428, 0.90768, 0.90092, 0.89320, 0.90694
    ],
    "LocoPMD": [
        0.93423, 0.91328, 0.90603, 0.89857, 0.92178, 0.92679, 0.91776, 0.93485, 0.91208, 0.92217,
        0.91734, 0.92647, 0.90490, 0.90283, 0.92129, 0.91071, 0.94017, 0.91859, 0.92245, 0.91195,
        0.92289, 0.91552, 0.92645, 0.91983, 0.91563, 0.92388, 0.92027, 0.91830, 0.92689, 0.91366,
        0.91458, 0.92180, 0.91863, 0.92011, 0.92350, 0.91971, 0.91287, 0.91623, 0.91747, 0.92009
    ]
}
