data_20_rv = {
    "MT": [
        0.82296, 0.79229, 0.81444, 0.79388, 0.81056, 0.81787, 0.79933, 0.80382, 0.82400, 0.80559,
        0.78231, 0.79616, 0.81000, 0.82195, 0.80183, 0.81444, 0.80850, 0.78766, 0.81865, 0.80976,
        0.80394, 0.81649, 0.80479, 0.81858, 0.80112, 0.80697, 0.80434, 0.80965, 0.81706, 0.79581,
        0.80829, 0.81432, 0.79678, 0.80223, 0.81718, 0.79702, 0.81516, 0.80512, 0.81258, 0.79791
    ],
    "UAMT": [
        0.81528, 0.83770, 0.84847, 0.83014, 0.83587, 0.81451, 0.83176, 0.83856, 0.83938, 0.80926,
        0.83000, 0.84163, 0.83571, 0.82288, 0.82767, 0.84499, 0.82702, 0.81612, 0.83902, 0.82420,
        0.82161, 0.83878, 0.83609, 0.83344, 0.81829, 0.82071, 0.83698, 0.82463, 0.83277, 0.82551,
        0.83247, 0.82053, 0.83115, 0.83513, 0.82293, 0.83233, 0.82356, 0.82595, 0.83157, 0.83266
    ],
    "DTC": [
        0.87632, 0.86225, 0.85990, 0.84884, 0.85674, 0.87277, 0.86869, 0.88034, 0.84736, 0.86071,
        0.87790, 0.85618, 0.85555, 0.87229, 0.87805, 0.85180, 0.86863, 0.85596, 0.85245, 0.86998,
        0.86049, 0.86883, 0.86643, 0.85802, 0.87512, 0.87209, 0.85973, 0.85641, 0.86493, 0.86329,
        0.86589, 0.86912, 0.85890, 0.86316, 0.86950, 0.86005, 0.87684, 0.86621, 0.86251, 0.87460
    ],
    "CPS": [
        0.87006, 0.87304, 0.89685, 0.88373, 0.88498, 0.86553, 0.87142, 0.88408, 0.88785, 0.87067,
        0.89262, 0.88231, 0.88491, 0.86439, 0.87834, 0.87221, 0.89459, 0.86725, 0.89122, 0.88778,
        0.87782, 0.87894, 0.89030, 0.87461, 0.87604, 0.88071, 0.88748, 0.88961, 0.88452, 0.87579,
        0.87390, 0.87697, 0.87814, 0.89006, 0.88844, 0.87923, 0.87535, 0.88871, 0.87590, 0.88736
    ],
    "SS-Net": [
        0.88090, 0.87714, 0.88299, 0.85708, 0.86617, 0.89444, 0.85384, 0.86932, 0.86311, 0.89270,
        0.88422, 0.88783, 0.86539, 0.86083, 0.88509, 0.86771, 0.89101, 0.87714, 0.87428, 0.87979,
        0.87266, 0.86691, 0.88176, 0.87103, 0.86854, 0.87729, 0.87365, 0.86641, 0.87053, 0.87501,
        0.88493, 0.88061, 0.86908, 0.87763, 0.88152, 0.86984, 0.87239, 0.87759, 0.87914, 0.87210
    ],
    "BCP": [
        0.88576, 0.89929, 0.90765, 0.89390, 0.88607, 0.90260, 0.89521, 0.87866, 0.89897, 0.87715,
        0.90137, 0.90679, 0.88188, 0.88961, 0.87841, 0.89093, 0.88817, 0.88804, 0.88591, 0.89245,
        0.89474, 0.89985, 0.88523, 0.89644, 0.88947, 0.87836, 0.90023, 0.89568, 0.88747, 0.88639,
        0.89827, 0.88761, 0.89486, 0.89074, 0.89977, 0.88469, 0.89292, 0.88734, 0.89537, 0.88879
    ],
    "LocoPMD": [
        0.89686, 0.88667, 0.90778, 0.91164, 0.88837, 0.92091, 0.90638, 0.88869, 0.90904, 0.91247,
        0.88207, 0.91771, 0.88685, 0.90312, 0.89596, 0.90493, 0.88761, 0.91903, 0.89154, 0.89491,
        0.90645, 0.89156, 0.90789, 0.90022, 0.91483, 0.90502, 0.90714, 0.91333, 0.90498, 0.89501,
        0.91849, 0.90658, 0.91263, 0.91355, 0.89579, 0.91062, 0.90877, 0.90587, 0.90678, 0.91201
    ]
}


data_20_myo = {
    "MT": [
        0.87001, 0.83934, 0.86149, 0.84093, 0.85761, 0.86491, 0.84637, 0.85086, 0.87103, 0.85262,
        0.82934, 0.84319, 0.85700, 0.86895, 0.84883, 0.86145, 0.85550, 0.83466, 0.86566, 0.85677,
        0.85980, 0.85037, 0.86453, 0.86002, 0.85578, 0.85356, 0.86840, 0.85211, 0.86159, 0.85482,
        0.86203, 0.86597, 0.85798, 0.85541, 0.86067, 0.85228, 0.85612, 0.86434, 0.86192, 0.85390
    ],
    "UAMT": [
        0.86047, 0.88289, 0.89366, 0.87533, 0.88105, 0.85969, 0.87694, 0.88375, 0.88457, 0.85446,
        0.87519, 0.88682, 0.88091, 0.86808, 0.87287, 0.89020, 0.87163, 0.86072, 0.88452, 0.86969,
        0.87345, 0.86181, 0.88034, 0.88641, 0.87789, 0.87326, 0.88537, 0.87681, 0.87243, 0.88077,
        0.88992, 0.87463, 0.88366, 0.87609, 0.88918, 0.86170, 0.87296, 0.87893, 0.88206, 0.88079
    ],
    "DTC": [
        0.89525, 0.88118, 0.87883, 0.86776, 0.87567, 0.89202, 0.88794, 0.89959, 0.86661, 0.87996,
        0.89717, 0.87546, 0.87482, 0.89157, 0.89733, 0.87107, 0.88790, 0.87523, 0.87172, 0.88930,
        0.87661, 0.87773, 0.87844, 0.86852, 0.87326, 0.88019, 0.87185, 0.88708, 0.87924, 0.87569,
        0.88806, 0.86834, 0.87792, 0.87733, 0.87392, 0.88039, 0.87370, 0.86964, 0.86890, 0.87251
    ],
    "CPS": [
        0.90472, 0.90770, 0.93151, 0.91839, 0.91964, 0.90019, 0.90508, 0.91774, 0.92151, 0.90433,
        0.92628, 0.91597, 0.91843, 0.89791, 0.91186, 0.90573, 0.92811, 0.90061, 0.92478, 0.92134,
        0.91791, 0.92260, 0.91535, 0.91372, 0.91806, 0.91820, 0.92059, 0.92052, 0.91657, 0.92243,
        0.92488, 0.92147, 0.92203, 0.91734, 0.92359, 0.91901, 0.91965, 0.92013, 0.92329, 0.91831
    ],
    "SS-Net": [
        0.91603, 0.91227, 0.91812, 0.89221, 0.90131, 0.92958, 0.88898, 0.90346, 0.89725, 0.92684,
        0.91836, 0.92197, 0.89940, 0.89484, 0.91910, 0.90172, 0.92702, 0.91315, 0.91029, 0.91580,
        0.91941, 0.91160, 0.90963, 0.91826, 0.90617, 0.92483, 0.91056, 0.91418, 0.92133, 0.91284,
        0.92076, 0.91743, 0.92187, 0.92198, 0.90829, 0.91692, 0.91393, 0.92011, 0.92422, 0.91502
    ],
    "BCP": [
        0.90803, 0.92156, 0.92992, 0.91617, 0.90834, 0.92487, 0.91748, 0.90093, 0.92128, 0.89946,
        0.92368, 0.92910, 0.90419, 0.91192, 0.90072, 0.91324, 0.91048, 0.91034, 0.90801, 0.91455,
        0.91951, 0.92502, 0.92284, 0.91233, 0.92679, 0.91842, 0.92612, 0.92158, 0.92299, 0.91776,
        0.91489, 0.92147, 0.92316, 0.91570, 0.91780, 0.91655, 0.92429, 0.92061, 0.92389, 0.91688
    ],
    "LocoPMD": [
        0.91357, 0.90338, 0.92449, 0.92835, 0.90508, 0.93762, 0.92309, 0.90540, 0.92575, 0.92918,
        0.89864, 0.93428, 0.90342, 0.91969, 0.91253, 0.92160, 0.90428, 0.93564, 0.90815, 0.91152,
        0.92816, 0.91910, 0.93051, 0.92513, 0.91687, 0.92704, 0.91257, 0.92376, 0.92843, 0.92608,
        0.92491, 0.91838, 0.91721, 0.92084, 0.92239, 0.91806, 0.91417, 0.91891, 0.91682, 0.92731
    ]
}
