    "MT": [
        0.76321, 0.80157, 0.78790, 0.77214, 0.79635, 0.78522, 0.78945, 0.77983, 0.79172, 0.79463,
        0.80217, 0.76596, 0.78334, 0.77868, 0.80872, 0.78290, 0.77238, 0.78819, 0.79954, 0.78406
    ],
    "UAMT": [
        0.81395, 0.81920, 0.80954, 0.83233, 0.80271, 0.82313, 0.82758, 0.79836, 0.82591, 0.81747,
        0.82868, 0.81230, 0.80719, 0.81995, 0.81272, 0.80981, 0.80257, 0.82223, 0.81639, 0.81711
    ],
    "DTC": [
        0.84398, 0.82732, 0.86176, 0.83286, 0.85748, 0.85430, 0.84828, 0.84363, 0.84654, 0.86310,
        0.84985, 0.85395, 0.84470, 0.82847, 0.85121, 0.85793, 0.84733, 0.83378, 0.86112, 0.83802
    ],
    "CPS": [
        0.85172, 0.83741, 0.82367, 0.83190, 0.86211, 0.85357, 0.84279, 0.84989, 0.84625, 0.82973,
        0.85690, 0.82859, 0.84123, 0.85034, 0.83241, 0.85911, 0.84095, 0.84934, 0.82676, 0.84540
    ],
    "SS-Net": [
        0.87310, 0.86145, 0.84691, 0.86520, 0.85158, 0.84283, 0.84466, 0.86724, 0.83271, 0.86937,
        0.84614, 0.85996, 0.85682, 0.87181, 0.84926, 0.86859, 0.84391, 0.85737, 0.83675, 0.85858
    ],
    "BCP": [
        0.90237, 0.88349, 0.86484, 0.88213, 0.88825, 0.87066, 0.89514, 0.87635, 0.86745, 0.89930,
        0.88092, 0.89141, 0.87154, 0.88673, 0.89623, 0.89217, 0.88835, 0.87928, 0.90145, 0.87383
    ],
    "LocoPMD": [
        0.91028, 0.88951, 0.88238, 0.87514, 0.89742, 0.90271, 0.89356, 0.91115, 0.88689, 0.89833,
        0.89318, 0.90245, 0.88164, 0.87959, 0.89691, 0.88475, 0.91520, 0.89586, 0.89910, 0.88765
    ]
