"MT": [
        0.85931, 0.82864, 0.85079, 0.83023, 0.84691, 0.85422, 0.83568, 0.84017, 0.86034, 0.84193,
        0.81865, 0.83250, 0.84631, 0.85826, 0.83814, 0.85076, 0.84481, 0.82397, 0.85497, 0.84608
    ],
    "UAMT": [
        0.84957, 0.87199, 0.88276, 0.86443, 0.87015, 0.84879, 0.86604, 0.87285, 0.87367, 0.84356,
        0.86429, 0.87592, 0.87001, 0.85718, 0.86197, 0.87930, 0.86133, 0.85042, 0.87322, 0.85839
    ],
    "DTC": [
        0.88994, 0.87587, 0.87352, 0.86245, 0.87036, 0.88671, 0.88263, 0.89428, 0.86130, 0.87465,
        0.89184, 0.87013, 0.86949, 0.88624, 0.89200, 0.86574, 0.88257, 0.86990, 0.86639, 0.88397
    ],
    "CPS": [
        0.87061, 0.87359, 0.89740, 0.88428, 0.88553, 0.86608, 0.87197, 0.88463, 0.88840, 0.87122,
        0.89317, 0.88286, 0.88546, 0.86494, 0.87889, 0.87276, 0.89514, 0.86780, 0.89177, 0.88833
    ],
    "SS-Net": [
        0.89903, 0.89527, 0.90112, 0.87521, 0.88431, 0.91258, 0.87198, 0.88746, 0.88125, 0.91084,
        0.90236, 0.90597, 0.88440, 0.87984, 0.90410, 0.88672, 0.91002, 0.89615, 0.89329, 0.89880
    ],
    "BCP": [
        0.89752, 0.91105, 0.91941, 0.90566, 0.89783, 0.91436, 0.90697, 0.89042, 0.91077, 0.88895,
        0.91317, 0.91859, 0.89368, 0.90141, 0.89021, 0.90273, 0.89997, 0.89983, 0.89770, 0.90424
    ],
    "LocoPMD": [
        0.90476, 0.89457, 0.91568, 0.91954, 0.89627, 0.92881, 0.91428, 0.89659, 0.91694, 0.92037,
        0.88983, 0.92547, 0.89461, 0.91088, 0.90372, 0.91279, 0.89547, 0.92683, 0.89934, 0.90271
    ]